xmax = 20;
ymax = 20;
zmax = 10;
num_drones = 3;
initial_pos_drones = [0.8 0.8 0.8; 14 18 10; 1.8 1.8 1.8];
goal_pos_drones = [20 20 20; 8.618 7.618 6.382; 3.1756 3.9021 3.9021];
%initial_pos_drones = [0.8 0.8 0.8 0.8 0.8 0.8 0.8 0.8 0.8 0.8; 14 18 10 4 2 6 8 12 16 20; 1.8 1.8 1.8 1.8 1.8 1.8 1.8 1.8 1.8 1.8];
%goal_pos_drones = [20 20 20 20 20 20 20 20 20 20; 8.618 7.618 6.382 5.382 5 5.382 6.382 7.618 8.618 9; 3.1756 3.9021 3.9021 3.1756 2 0.8244 0.0979 0.0979 0.8244 2];
wmax = 0.9;
wmin = 0.4;
cmax = 3.5;
cmin = 0.5;
V1 = 0.5;
V2 = 0.1;
mu = 4;
alpha = 2;
max_iter = 120; % T %120
swarm_size = 500; % S %500
d_safe = 0.1;
delta = 3.5; % scale of intensity
dimension = 40; % dimension for each particle
num_segments  = 20; % number of segments for each waypoint %20
mountains = [4 5; 7 8; 6 15; 4 4; 4 4]; %% h; xm; ym; xt; yt
radars = [12; 10; 0; 3.7]; %x,y,z,R